10
4 4
2 0 0 0 
0 1 1 0 
0 0 0 0 
0 0 0 3
10 10
0 0 0 0 0 0 0 0 0 0
0 2 0 0 0 0 0 0 0 0
0 0 0 0 0 0 0 0 0 0
0 0 0 1 1 1 1 1 1 0
0 0 0 1 1 1 1 0 0 0
0 0 0 1 1 1 1 0 0 0
0 0 0 0 0 1 1 0 0 0
0 1 1 1 0 0 0 0 0 0
0 1 1 1 0 0 0 0 3 0
0 0 0 0 0 0 0 0 0 0 
5 6
2 1 1 1 1 1
1 1 1 1 1 1
1 1 1 1 1 1
1 1 1 1 1 1
1 1 1 1 1 3
5 6
0 2 0 0 0 0
0 0 0 0 0 0
0 0 0 0 0 0
0 0 0 0 3 0
0 0 0 0 0 0
5 10
0 0 0 0 0 0 0 0 0 0
0 2 0 0 0 0 0 0 0 0
0 0 0 0 0 0 0 0 0 0
0 1 1 1 1 1 1 1 1 0
0 0 0 0 0 0 3 0 1 0
2 30
0 2 0 1 0 0 0 0 1 0 0 0 1 0 0 1 0 0 0 0 0 1 0 0 0 1 0 0 3 0
0 1 0 0 0 1 0 0 0 0 1 0 0 0 0 0 0 0 1 0 0 0 0 1 0 0 0 0 1 0
12 3
2 1 0 
0 0 0 
1 1 0 
0 0 0
0 1 1 
0 0 1 
1 0 0 
0 0 1
1 0 0 
0 0 1 
0 0 0 
0 1 3
5 6
1 1 1 1 1 2
1 0 1 1 1 1
1 1 1 1 1 1
1 1 1 0 1 1
1 1 3 1 1 0
4 4
0 0 0 2 
0 1 1 0 
1 0 0 0 
3 0 0 0
12 4
2 1 0 0
0 0 0 1
1 1 0 1
0 0 0 0
0 1 1 1 
0 0 1 0 
1 0 0 0 
0 0 1 1
1 0 0 1
0 0 1 0
0 0 0 1
0 1 1 3